Aries
13209,9884,8903,8832
+Taurus
26451,21421,20894,20205,18724,15900
25428,21881,20889,20648,20455,17847
20889,21421
20455,20205
+Gemini
37826,36962,35550,35350,32362
37740,36962,36046,34693,33018
35550,34088,31681
36850,34693,32246,30883
32246,30343,29655,28734
+Cancer
44066,42911,42806,43103
40526,42911
40843,42806
+Leo
54879,57632,54872,50583,49583,49669,54879
54879,54872
50583,50335,48455,47908
+Virgo
71957,69701,69427,65474,61941,63090,66249,65474
61941,60129,57757,57380
63090,63608
66249,68520,72220
+Libra
77853,76333,74785,72622,73714,76333
+Scorpius
85927,86670,87073,86228,84143,82729,82514,82396,81266,80763,78401
80763,78820
80763,78265
+Sagittarius
95294,98032,98688,96406,93864,93506,90185,88635,89931,92041,92855,93864
98032,95347
92855,93085,93683,94820,95168
93506,92041,90496,89341
90496,89931,90185,89642
88635,87072
+Capricornus
107556,106985,105515,104139,100345,102485
105515,105881,104139,102978
100345,100064
+Aquarius
115438,114855,112961,111497,110960,110395,109074,106278,102618
109074,110003,111123,112716,113136,114341
110003,109472,109139
+Pisces
5742,6193,4889,5742,7097,8198,9487,8833,7884,7007,4906,3760,1645,118268,116771,115830,114971,115738,116928,116771
+Hydra
64962,64166,57936,56343,52943,51069,49841,49402,48356,46390,46509,46776,45336,43813,43234,42799,42402,42313,43109
+Ursa Major
67301,65378,62956,59774,54061,46733,41704,48319,48402,53910,58001,57399,54539,50801
54539,50372
59774,58001
54061,53910
48402,46853,44471
46853,44127
+Cetus
12706,12093,11484,12828,13954,14135,12706,12387,10826,12390,12770,11783,8102,3419,5364,6537,8645,11345,12390
3419,1562
11484,10324
+Hercules
85693,83207,81693,81833,84380,83207
84379,85693,86974,87933,88794
81693,80816,80170
81833,81126,79992,77760
84380,84606,85112,87808,86414
+Orion
26727,27366,24436,24674,25930,26311,26727,27989,26207,25336,25930
25336,22449,22549,22797,23123
22449,22509,22845
27989,28614,29426,28691
28614,29038,27913
29426,29038
+Ursa Minor
11767,85822,82080,77055,72607,75097,79822,77055
Canis Minor
37279,36188
+Canis Major
33347,33160,34045,33347,32349,31592,33152,33856,34444,33977,32349
34444,35037,35904
33856,33579,32759
33579,30122
31416,31592,30324
+Monoceros
29151,30419,34769,30867,29651
34769,39863,37447
+Lepus
28910,28103,27288,25985,24305,23685,25606,25985,27654,27072,25606
24873,24845,24305,24327,24244
+Eridanus
21594,23972,23875,22701,22109,21444,17378,16537,15197,13701,12843,14146,15474,16611,17651,21393,20535,20042,17874,17797,15510,13847,12486,12413,11407,10602,9007,7588
+Caelum
21861,21770,21060
+Horologium
19747,12484,14240
+Fornax
14879,13147
+Pictor
27321,27530,32607
+Dorado
19893,21281,26069,27890,27100
+Reticulum
19921,18597,17440,19780,19921
+Mensa
21949,25918
+Hydrus
9236,11001,12394,17678,2021
+Coma Berenices
64241,64394,60742
+Canes Venatici
63125,61317
+Leo Minor
46952,49593,53229,51233,49593
+Lynx
45860,45688,44700,44248,41075,36145,33449,30060
+Draco
56211,61281,68756,75458,78527,80331,83895,89937,94648,97433,94376,87585,85829,85670,87833,87585
+Corvus
59199,59316,59803,60965,61359,59316
+Crater
55705,54682,53740,55282,55705,57283,58188,56633,55687,55282
+Sextans
51437,49641,48437
+Lupus
76297,75141,73273,71860,74395,76552,76297,78384,78918,77634,78384
74395,71536
71860,70576
75141,75177
+Centaurus
71683,68702,66657,68002,68282,67472,67464,68933
68002,61932,60823,59196,56480,56561
67472,71352,73334
67464,65936,65109
+Crux
60718,61084
62434,59747
+Auriga
25428,28380,28360,24608,23453,23015,25428
+Perseus
17448,18246,18614,18532,17358,15863,14328,13268
15863,14576,14354,13254
+Microscopium
105140,103738,102831
+Triangulum
10670,10064,8796,10670
+Camelopardus
25110,17959,16228,22783,17959
+Cassiopeia
8886,6686,4427,3179,746
+Andromeda
677,3092,5447,9640
5447,4436,3881
+Cepheus
101093,102422,105199,109492,112724,116727,106032,105199
112724,106032
+Lacerta
109937,111104,111022,110609,110538,111169,111022
+Pegasus
107315,109427,112029,113963,1067,677,113881,113963
107354,109176,112440,112748,113881,112158,109410
+Cygnus
107310,104732,102488,100453,97165,95853,94779
102098,100453,98110,95947
+Equuleus
104987,105570,104858,104521,104987
+Delphinus
101421,101769,102281,102532,101958,101769
+Sagitta
98920,98337,97365
96757,97365,96837
+Vulpecula
98543,95771
+Lyra
91262,91971,92791,93194,92420,91971
+Aquila
99473,97804,95501,93747,93244
93805,95501,97649
98036,97649,97278
+Corona Australis
92953,93542,94005,94160, 94114,93825,93174,91875,90887
+Columbia
28328,27628,26634,25859
30277,29807,28199,27628
+Pyxis
42515,42828,43409
+Puppis
39953,39429,39757,38170,35264,31685,32768,36377,39429
+Carina
45238,50099,52419,52468,54463,53253,51232,50371,45556,45080,42568,41037,30438,31685
+Vela
39953,42536,42913,45941,48774,52727,51986,50191,46651,44816,39953,41037
+Antlia
48926,51172
+Chamaeleon
60000,51839,40702
+Volans
35228,39781,44382,41312,39781,37504,34481,39781
+Circinus
75323,71908,74824
+Triangulum Australe
82273,74946,77952,82273
+Norma
78639,80582,80000,79509,78639,80000
+Ara
85258,88714,85792,83081,82363,85727,85267,85258
+Telescopium
90422,90568
+Pavo
86929,88866,90098,92609,93015,91792,98495,99240,100751,105858,102395,99240,93015
92609,88866
+Indus
103227,101772,105286,103227
+Apus
72370,81065,81852
+Octans
70638,107089,112405,70638
+Tucana
110130,114996,2484
1599,114996
+Grus
113638,112122,114421,114131,110997,109268,112122,112623
108085,109111,109268
+Piscis Austrinus
113368,111954,108661,107608,109422,111188,113246
+Sculptor
115102,116231,4577,115102
+Phoenix
2072,5165,7083,8837,5165,6867,2072,2081,765,2072,5348,5165
+Scutum
92814,92175,91117,90595,92814
+Ophiuchus
92946,89962,86565,86263,84880
85755,84012,81377,79882,83000,86032,86742,84012
+Serpens
77516,77622,77070,76276,77233,77450,78072,77233
+Corona Borealis
78493,78159,77512,76952,76267,75695,76127
+Bootes
71795,69673,71053,71075,73555,74666,72105,69673,67927,67459
+Musca
61585,62322,57363,61199,61585